function ListOfFoci = getListOfFoci()
  
    ListOfFoci = cell(1,9);
    ListOfFoci{1} = [ 1.028217386556707  -0.178663690857326;
                0.403957729709384   0.382422178075320];
    ListOfFoci{2} = [ 0.810360585773191  -0.038036076757269;
                0.625308090908918   0.264849291346766];
    ListOfFoci{3} = [ 1.266431972030214  -0.383478043790057;
                0.407818154899291   0.351390839037181];
    ListOfFoci{4} = [ 0.888989313310634   0.338395131499682  -0.438784042334693;
                0.260481131512223   0.315406797883773   0.504719453341981];
    ListOfFoci{5} = [ 0.681471981358612  -0.420917152579725   0.683768368529442;
                0.761265156042021   0.677878891153285  -0.087271383248153];
    ListOfFoci{6} = [ 1.372859368087138   0.503519450922174  -0.548238253654143;
                0.486065323362062   0.103745570613663   0.523887412265618];
    ListOfFoci{7} = [ 0.943948570372622   0.706842234760497  -0.278244559388281;
                0.467248343536628   0.324452110484066   0.498808054589172];
    ListOfFoci{8} = [-0.502468829623819   0.974995620940245   0.973104643980599;
                0.255626486680377   0.557018870743030   0.198179037385723];
    ListOfFoci{9} = [ 1.472640571692003  -0.119246149585907  -0.243481878483808;
                0.048572098416752   0.653795642874892   0.764312867406655];
    ListOfFoci{10}= [ 0.222164712278007   0.229512169809647   0.837986073749624;
                0.719359574604910   0.144909870411321   0.555513094859472];
    ListOfFoci{11} = [ -1 , 1; -0.1, 0.1];
    ListOfFoci{12} = [ -sqrt(3) , sqrt(3); 1, 1];
end
